-5.072041589015223728e-01
-4.933488123887273813e-02
3.372196517378237557e-01
1.337418597081902749e-01
1.454968522828255229e-01
-4.781667383707080554e-01
3.507569223448417373e-02
-3.857214346714075981e-02
3.640787940873735917e-01
-3.309243219633731248e-01
2.094429592545031527e-01
-7.319334036839088287e-02
-4.149528819199488350e-01
-9.865438405797720411e-02
-2.177428209629897471e-01
-1.914178448819134071e-01
2.140019288986495793e-01
-8.285963315599449708e-02
-5.461257922548610200e-01
9.519362926085281340e-02
2.590857757858722882e-02
-4.988608009472342841e-01
-1.050624120598884700e-02
-5.467753963598285250e-01
1.500396970097580274e-01
-5.363040393751539181e-01
4.434004497698433300e-01
-5.137924054669724683e-01
-1.366164783592300758e-01
-1.428613722189542024e-01
-3.019917968666018804e-01
2.506332640742358064e-01
1.234250479205784706e-01
2.635119546451947237e-01
1.199067446116329899e-01
-4.115416964434148728e-01
-2.516932384780471432e-01
-3.659118293656771215e-01
-7.697879614919413138e-02
-3.483258533616647723e-01
-3.681064424860771567e-01
3.268521660957086072e-01
4.032943112765787208e-01
2.029548143256899584e-01
-2.789329254294886651e-01
1.142347713161121214e-01
-5.535053497361293040e-01
6.707349225847616947e-02
-4.832035146423395156e-01
-2.524967211543747703e-01
2.209550302598216887e-01
4.762261056095011269e-01
-2.121932668071976613e-01
2.545168663765018380e-01
-2.084067452605446458e-01
3.213831590178062303e-01
-2.946075163984334111e-01
-1.741713751090460394e-01
-2.024625465374131905e-01
-3.931558342715947285e-01
-3.783985649349450586e-01
-2.501005647411008725e-01
-1.613005228413108005e-01
-5.018120806484540619e-01
1.069773191166690195e-02
-2.650546991745386105e-01
9.399287068861272854e-02
2.692076892569270630e-01
-9.579926213188033612e-02
-4.464116147369959209e-01
-1.381308795395543854e-01
2.140383871475568800e-01
-5.698709793686725089e-02
2.110269815226962498e-01
-2.254642740908570087e-01
8.019531534154733521e-02
3.875654634295870316e-01
3.409365232805772195e-02
-7.836098438193303539e-02
-6.264273022447787442e-02
1.197003014690753153e-01
3.521728049415022432e-02
2.772348969754429016e-01
-2.311690429541413960e-01
2.760003813287561503e-01
4.526994756193917363e-02
-1.077915479809740812e-01
1.809420214068181987e-01
1.767300431935923954e-01
4.427708824819733824e-01
-6.663123918515335697e-01
-3.659346940679440996e-01
-2.861778134268378460e-01
4.778723922645997657e-01
2.849814437757774432e-01
-6.213082793605383403e-01
-1.700502461442388313e-01
-1.196179919286531890e+00
-8.112499650797187767e-02
1.950842275581514754e-02
-3.432616593384316683e-01
2.015267060770156160e-01
-3.096301530977686456e-01
3.208021048460295566e-01
3.150227261670596191e-01
1.333847329239544188e-01
8.386118207133110708e-03
-9.097589366318345472e-02
2.521908641592429112e-01
-3.012078184702007833e-01
-4.773172563838246930e-03
-1.705737055951772607e-01
-4.392841220512657685e-01
-2.934271017740980314e-01
-2.187601954704665452e-01
-4.214199984062869664e-01
-1.658063229130589122e-01
-1.496242799351778785e-01
3.546979231074461891e-01
-4.932526226965081029e-02
1.172868446300129840e-02
2.537577267861056418e-01
-4.141146428256445855e-01
2.948905993022362670e-01
-1.554546994026083651e-01
2.757907341240787291e-01
-1.599861196683917963e-01
1.076501677653374789e-01
3.867197695816452369e-02
-1.612394380252909765e-01
3.343194256673595599e-01
-2.652746559690834505e-01
-9.071070640968421916e-02
2.111909279991588395e-01
5.357530409478618305e-02
1.579410813648429723e-01
-3.438134790488487497e-02
-6.014803175237008748e-02
7.869356248695572043e-02
-1.312850950404293171e-01
6.293382236089721526e-02
2.063709181817297289e-01
-1.334199664273747477e-01
-5.097674450474708879e-02
-2.975177073848299658e-01
-3.492773666643066433e-01
2.827095018324463083e-01
-3.351742902173187599e-01
-3.347886823603402062e-01
-3.869830162505019655e-01
2.347183284409811582e-02
2.620173903189975673e-01
3.955002874840764515e-01
-4.801611860065979273e-03
1.126283436851058251e-01
3.388457877059592449e-01
4.435213779835736614e-02
9.822704017939207222e-02
7.955434830211476072e-02
3.743294622213509948e-01
-2.608901065581881867e-02
3.567827289459939988e-01
######
1.17890421939