0.127
0.155
0.175
0.178
0.18
0.183
0.186
0.182
0.201
0.189
0.193
0.207
0.21
0.205
0.205
0.221
0.233
0.237
0.239
0.239
0.242
0.242
0.236
0.25
0.249
0.25
0.264
0.264
0.261
0.266
0.282
0.282
0.277
0.271
0.282
0.297
0.285
0.289
0.29
0.281
0.296
0.285
0.287
0.302
0.299
0.288
0.288
0.302
0.307
0.301
0.292
0.303
0.304
0.304
0.297
0.306
0.313
0.302
0.295
0.32
0.32
0.312
0.329
0.322
0.322
0.318
0.318
0.319
0.323
0.317
0.324
0.323
0.33
0.316
0.318
0.326
0.329
0.337
0.331
0.338
0.33
0.325
0.321
0.328
0.339
0.33
0.34
0.331
0.338
0.34
0.345
0.346
0.331
0.331
0.347
0.324
0.346
0.342
0.332
0.343
0.341
0.337
0.357
0.326
0.334
0.33
0.328
0.341
0.334
0.338
0.336
0.362
0.345
0.333
0.34
0.358
0.359
0.338
0.357
0.358
0.342
0.351
0.361
0.34
0.369
0.356
0.363
0.354
0.352
0.342
0.357
0.363
0.374
0.369
0.366
0.356
0.361
0.353
0.355
0.358
0.373
0.367
0.352
0.349
0.356
0.361
0.362
0.366
0.378
0.372
0.351
0.355
0.359
0.366
0.369
0.378
0.374
0.37
0.367
0.374
0.374
0.383
0.361
0.358
0.369
0.365
0.357
0.375
0.376
0.375
0.355
0.365
0.358
0.384
0.359
0.352
0.367
0.378
0.372
0.377
0.375
0.36
0.385
0.371
0.375
0.37
0.361
0.368
0.371
0.368
0.344
0.365
0.368
0.375
0.369
0.375
0.364
0.362
0.382
0.361
0.368
0.376
0.359
0.364
0.376
0.357
0.361
0.349
0.373
0.385
0.356
0.385
